-311869	180517	621.877	46.9679	-405537	200580	8642.91	-4364.72	-14318.5	-31885.2	-3933.68	-16529.7	3975.94	2446.08	651.982	7957.89	19061.5	-5.27928	
-1.47506e+06	852750	12273.9	3048.58	348329	-330831	-33140.9	-25090.3	-11286.3	30454.3	4166.15	2847.53	47758.9	17679.4	7731.6	14846.4	-17074.6	2100.67	
1.58349e+06	-916467	3219.11	64.488	2.21413e+06	-1.10477e+06	-50104.3	23614.7	76739.8	173069	21602.9	80996.8	-26424.5	-14545.7	-7243.86	-40989.8	-104293	1363.95	
-1.26753e+06	734090	-6212.32	-1052.91	-2.56934e+06	1.33433e+06	65919.9	-17437.8	-81297.2	-202158	-25310.4	-92831.7	11388.1	9702.61	4403.6	41091.8	121387	-1766.92	
1.11231e+06	-644049	2960.95	305.08	1.76638e+06	-895398	-41659.6	16105.8	59173.7	138428	17304.2	64733.5	-15499.6	-9641.77	-4497.1	-31380.8	-83487.3	916.971	
103186	-58930.5	-12540.9	-2313.59	-1.62935e+06	928293	55504.1	3346.77	-39342.9	-129363	-16483.1	-50059.9	-16631.3	-3260.08	-76.9259	14538.8	77454.4	-2580.66	
540578	-313260	-5158.08	-418.81	483273	-224633	-6419.88	7014.76	19285.7	38255.1	4601.88	25443.7	-5000.04	-3574.3	790.115	-12908.8	-22991.2	-1253.26	
219096	-127538	-3742.24	161.098	508018	-268166	-11537.4	1340.17	15529.3	40980.3	4993.19	25685.7	6250.44	546.05	3123.03	-9564.24	-24387.8	-1180.96	
990072	-573796	-4683.41	-247.686	1.25021e+06	-616841	-24357.5	13123.4	44512	98572.1	12130.6	54885.3	-9133.2	-6996.41	-203.128	-26766.2	-59485.4	-1258.92	
1.23371e+06	-713702	-14562.2	-2337.2	-36302.2	131430	20923.2	18812.2	15647.8	-3994.76	-969.214	14740.5	-28860.6	-11795.9	-1924.99	-16363.3	2113.34	-2872.95	
800297	-462957	-14106.3	-1981.71	-344381	265661	24775.9	11822.6	2061.45	-27550.4	-3885.72	2942.26	-18079.5	-7059.99	540.523	-7983.98	16636.6	-2892.66	
-2.1572e+06	1.24621e+06	17478.7	4532.03	582859	-526122	-49271.7	-36935.6	-14637	50276.7	6891.7	7083.51	71722.3	25971.2	11799.4	19378.5	-29248.5	2204.52	
2.97161e+06	-1.72153e+06	2771.92	-56.0072	4.05759e+06	-2.02016e+06	-86718.3	43438.6	141653	317064	39611.4	153374	-45473.6	-26858.9	-11286.3	-80391.4	-193247	51.3457	
-553856	325442	-25546.2	-5619.4	-5.16872e+06	2.86844e+06	156240	-1551.55	-136730	-409594	-51980.7	-175635	-39048.5	-2707.81	-1911.56	64059.4	248296	-2743.26	
-1.8207e+06	1.05235e+06	18191.3	3599.05	240342	-300833	-34849.6	-29316.2	-18507.1	21456.1	3319.45	-9522.88	50836.4	19385.4	6136.77	20244.1	-12582	2862.76	
884605	-513477	9042.28	1271.54	2.17615e+06	-1.14769e+06	-56896.4	12290.4	66472.6	170696	21611.5	74089.6	-6845.41	-7517.58	-4422.18	-34495.2	-104336	1080.28	
-501678	292969	-7915.67	-2119.91	-2.38918e+06	1.30434e+06	67334.5	-4141.99	-66501.3	-189201	-23922.9	-85782.2	-13973.8	787.14	-1268.62	33914.3	115111	-92.7568	
-330310	191139	3560.27	495.608	-95661	24330.2	-2196.44	-4797.76	-6810.92	-7377.17	-796.589	-7872.09	6227.62	2832.15	221.382	5483.35	4432.51	696.36	
-651213	376286	7091.23	1341.14	123087	-128553	-13569.8	-10418.1	-5672.53	10514.5	1574.6	-2778.4	18046.7	6793.81	1937.77	6739.09	-6382.82	1043.39	
-139740	79836.5	7143.75	1263.03	770236	-447505	-26445.7	-2922.66	17442	60983.7	7884.65	22155.9	9981.9	2072.72	81.483	-6987.51	-37419.9	785.941	
-376501	218103	3767.59	406.236	-240749	102279	1430.57	-5139.54	-11049.9	-18939.8	-2240.93	-13987.9	5019.31	2833.82	-195.475	7951.42	11464	890.83	
584646	-337524	-4667.47	-1243.83	-173481	151544	13491.2	10039.2	3568.88	-14820.3	-2041.25	-2419.17	-19756	-7028.5	-3254.57	-4732.31	8849.08	-395.618	
-158828	93910.6	-7764.27	-1595.89	-1.46393e+06	812633	43115.2	-629.301	-38827.1	-115683	-14772.2	-48884.6	-10469.5	-257.108	-158.081	19388.5	71076	-243.023	
-254085	145955	3501.59	997.191	444678	-274803	-16857.8	-5080.66	7692.22	35795.9	4640.69	14102.9	13488	3829.24	2175.96	-2776.64	-21940	-55.7395	
1.0568e+06	-612898	-5009.6	-469.874	1.1603e+06	-560366	-19357.1	14530.3	43248.4	90958.7	11241.4	51394.6	-12676.9	-8447.11	-1020.9	-27901.2	-55948.5	-1935.15	
579718	-334538	-12138.1	-1812.34	-542877	358508	26282.7	8930.91	-5899.97	-43035.3	-5821.01	-7220.09	-16104	-5307.03	286.053	-1453.85	26796	-1784.32	
1.01388e+06	-587508	-9943.52	-1110.65	632689	-266702	-3029.01	13953.7	29393.8	49633	5899.31	36663.2	-14048.3	-7870.76	293.507	-21585	-30348.9	-2558.75	
1.13767e+06	-658750	-13419.3	-1649.12	401100	-124809	6139.65	15965.7	25227	31331	3478.47	31603.3	-18444.1	-9074.18	411.196	-20473.7	-18958.4	-2972.94	
1.30838e+06	-757794	-14626.8	-1744.51	578693	-209878	3464.17	18228.9	31960	45301.5	5194.77	40042	-20116.2	-10324.8	479.511	-24998.5	-27551.2	-3401.64	
1.45051e+06	-840042	-16321.8	-1976.5	606672	-212928	4865.88	20286.5	34559.4	47443.8	5404.51	43114.2	-22811.1	-11532.3	436.331	-27245.4	-28832	-3739.13	
1.35338e+06	-783926	-15607.6	-1816.2	596937	-216298	3812.13	18727.2	33007.2	46809.2	5356.61	41981.9	-20181.5	-10504.1	818.887	-25995.6	-28447.4	-3663.38	
1.50181e+06	-870132	-15580.9	-1796.75	821400	-329709	-782.811	20784.1	40638.5	64365	7566.24	50722.5	-21788.8	-11775.1	468.054	-30703.9	-39370.5	-3897.99	
1.64568e+06	-952648	-18861	-2449.84	514654	-143198	10501.8	23449.8	34870.5	39973.7	4364.69	42333.7	-28670.5	-13567.9	-102.378	-28460.3	-24146.9	-3996.05	
1.53931e+06	-890641	-19574.5	-2599.71	248024	-2113.02	16938.7	22104.5	26741.9	19050.7	1701.31	32703.2	-28564.6	-12752	119.712	-23678.8	-11089.7	-3788.37	
732589	-424981	-9331.06	-805.79	493065	-213764	-2274.17	9381.41	22093.4	39091	4635.3	30715.1	-6535.04	-4773.76	1853.01	-16946.3	-23894	-2642.19	
1.81316e+06	-1.05156e+06	-13457.2	-1428.94	1.54066e+06	-708049	-17707.7	24914.1	62915.7	120663	14748.3	76388.1	-23246.8	-14435.1	-490.505	-44019.2	-74692.8	-4490.47	
-1.9891e+06	1.1505e+06	15711.3	2787.84	-645362	184206	-9471.94	-30208	-42890.4	-48951.6	-5505.38	-43021.5	43791.1	18992	4822.25	32540.7	29991.4	2742.38	
3.09826e+06	-1.7989e+06	-8742.24	-779.788	3.8258e+06	-1.88296e+06	-67378.9	42880.5	137687	299051	37408.6	160165	-36515.9	-26167.9	-4874.62	-89799	-186696	-6557.09	
-548596	330418	-28223.5	-6165.63	-5.63462e+06	3.13797e+06	156816	-859.588	-149013	-444116	-57310.6	-189224	-46339.8	-495.88	-2290.81	84214.1	279104	4670.34	
-146107	83311.1	3832.69	789.197	414541	-247901	-14033.7	-2865.29	8468.29	32847.3	4326.8	11902.2	8263.83	1875.29	699.984	-4131.28	-20799.6	-226.235	
363480	-211883	-1068.24	163.46	672911	-348168	-13763.3	4353.51	21764.4	52972.1	6691.54	27788.9	-12.6785	-2359.44	501.566	-14242.4	-33196.7	-1450.07	
616575	-357590	-5914.19	-620.501	431820	-188991	-2848.59	8386.49	19071.3	33866.7	4084.52	23955.5	-7806.42	-4752.47	301.461	-14145.3	-20979	-1806.96	
-2.7792e+06	1.6047e+06	33420.6	5517.78	312004	-428402	-49470	-42635.4	-29276.7	26490.2	4766.26	-26580.5	68332.9	25979.5	4524.61	29336	-18523	3803.72	
1.3104e+06	-768295	14360.6	3163.61	4.34868e+06	-2.34162e+06	-106731	14865.8	127039	341289	43843.9	154074	11778.3	-9312.42	-1416.72	-77358.2	-215664	-5398.21	
-339616	208828	-20424.9	-4982.25	-4.46746e+06	2.49863e+06	121948	1522.9	-116942	-352224	-45642.2	-151995	-43244.3	-1786.52	-3891.5	69248.4	223031	5959.55	
-1.46708e+06	854878	4172.71	-437.34	-2.52306e+06	1.29598e+06	49762.7	-18177.5	-83057.4	-198252	-25063.4	-104224	3735.62	10334.2	-1040.49	55073.2	124708	5665.83	
-792495	457744	11424	1608.8	86862.1	-120494	-14502.1	-11642.9	-8344.62	7019.13	1345.78	-10069.9	16950.1	6645.49	12.2676	8737.98	-5221.46	1533.42	
-447569	258560	6034.47	855.979	11023.4	-46602.1	-6984.91	-6570.04	-5672	989.648	373.686	-6709.67	9409.8	3774.68	100.92	5379.49	-1081.95	821.109	
-49170.9	27538.8	2298.81	439.609	275332	-160363	-8405.66	-1086.21	6287.92	21673.1	2864.58	8076.24	3989.34	614.128	172.946	-3560.4	-13930	-312.608	
-525790	302901	7804.27	1281.97	243580	-185569	-14379.7	-8189.43	-863.295	19412.3	2819.36	292.878	14384.3	4833.31	672.171	2624.95	-12921.4	416.043	
596227	-347922	-451.217	316.707	1.12794e+06	-584787	-22806.9	7416.33	36382.2	88444.5	11266.3	44830.9	-1169.32	-4462.81	69.3679	-24262.5	-56107.1	-2540.27	
-37517.9	24204.4	-4677.66	-977.864	-827116	464929	22648.8	502.809	-21354.6	-65034.2	-8491.2	-26979.5	-7857.7	-227.554	-350.338	12855	41582.7	1170.22	
446476	-258571	-4598.81	-597.078	189287	-66905.1	1391.92	6343.96	10717.3	14716.7	1693.05	12864.6	-7501.26	-3717.6	-124.319	-8424.8	-9053.44	-1091.93	
514707	-296265	-9135.85	-1422.15	-357991	249121	17680	7985.94	-2188.54	-28278.3	-3987.44	-3250.58	-14387.5	-4543.14	-241.907	-970.974	18650.5	-464.063	
598163	-345818	-8061.36	-1086.03	36863.9	32934.4	8078.07	8645.09	8877.4	2771.29	38.4557	10925.2	-11647.2	-4922.28	72.427	-8124.26	-1201.42	-1305.82	
-2.71551e+06	1.56675e+06	38064.5	5654.4	456619	-504166	-51982.7	-40501.5	-24555.6	36609.5	6359.76	-27794.9	62225.1	23200.5	1203.79	25636	-26699	3597.08	
3.12101e+06	-1.81858e+06	-11705.5	72.8746	4.69215e+06	-2.37592e+06	-83187.7	39838.4	159928	367702	46578.6	198327	-16052.3	-23776.9	1114.22	-110997	-233659	-13071.9	
-768440	465625	-28004.4	-6406.1	-6.23841e+06	3.46492e+06	158991	-3230.3	-167732	-489728	-64022.8	-211024	-50458.9	3099.62	-2831.57	107455	315428	12395.8	
-1.02119e+06	588419	16156.2	2397.13	379110	-307023	-25168.5	-15344.6	-3970.6	29913.8	4547.88	-4583.82	24881.5	8570.6	170.257	6303.3	-20671.1	1019.12	
835905	-488104	-2231.53	272.867	1.4677e+06	-756169	-27490.9	10311.2	48174.7	115042	14682.9	60199.2	-1530.11	-6212.65	627.251	-33560.2	-73517.9	-4223.47	
219859	-122827	-10132.9	-1872.02	-1.15998e+06	677101	34654.1	4690.81	-26388.7	-91085.6	-12136	-33373	-16846.4	-2370.62	-546.063	15811.2	59267.3	1798.47	
621159	-360715	-5479.61	-556.659	490838	-222186	-3934.09	8429.59	20653.1	38384.1	4722.15	25601.8	-7431.64	-4931.7	208.132	-15587.4	-24235.1	-2164.21	
928602	-538467	-9473.54	-1089	529133	-216171	-410.287	12850	25700.4	41340.2	4935.89	31838.5	-13245.9	-7437.93	246.134	-19973.3	-25785.8	-2809.88	
1.15982e+06	-672143	-12479.5	-1489.35	557918	-211637	2235.32	16173.6	29495.6	43563.6	5096.15	36532.6	-17615.8	-9320.56	276.521	-23266.8	-26948.5	-3292.93	
1.3337e+06	-772672	-14741.9	-1790.44	579557	-208222	4221.59	18672.5	32349.2	45236.2	5216.3	40065.7	-20900.4	-10734.8	300.732	-25739.9	-27820.2	-3654.3	
-2.12622e+06	1.22558e+06	34193.9	4690.44	527109	-490599	-44765.1	-30935.6	-14768.1	41065.1	6848.74	-21277.3	45981.7	16536.9	-1410.23	16747.3	-30274.5	2509.94	
3.49112e+06	-2.03511e+06	-21451.6	-695.415	4.74479e+06	-2.37516e+06	-74173.2	43873.7	166231	372069	47109.1	211644	-16104.3	-25654.6	4374.29	-120983	-237775	-17144.1	
-449667	284999	-31490.6	-6883.9	-6.20352e+06	3.47666e+06	156348	1380.02	-162951	-486039	-64250.9	-204018	-57737.3	1706.97	-2916.71	109177	317372	15450.4	
-3.48254e+06	2.00945e+06	53077.3	7054.55	357188	-516556	-59891.6	-50072	-36982.2	27574.3	5949.41	-50632.2	69961.6	26917.4	-2475.22	35679	-23773.2	5257.55	
2.42486e+06	-1.41957e+06	-8963.46	1113.14	4.61643e+06	-2.39945e+06	-84793.2	28205.2	148874	362180	46499.2	191548	5988.16	-16738.7	5090.76	-107423	-233317	-16028.1	
-4.79392e+06	2.79523e+06	31269.6	1214.94	-6.34099e+06	3.16371e+06	94988.2	-60419.8	-223946	-496976	-63031.6	-284992	23225.9	35577.6	-6121.92	165261	318591	24523	
-370458	194825	29359.9	6143.72	4.42389e+06	-2.54297e+06	-119240	-11771.2	107063	346916	46323.6	137530	58962.8	5139.58	3849.64	-71736.2	-228193	-11394.5	
-1.20061e+06	712433	-11882.5	-3174.87	-4.35655e+06	2.36219e+06	95110.2	-12556.6	-126351	-340414	-44760.8	-154261	-19874.4	9805.75	-520.377	89026.7	222786	13223.7	
-2.24971e+06	1.31217e+06	13613.8	573.439	-2.96504e+06	1.47871e+06	43729.2	-28754.4	-104904	-231993	-29543.8	-131424	12667.8	17408	-1945.24	77903.2	149385	11710.6	
-1.22309e+06	705095	18530.4	2597.65	235878	-244321	-23445.4	-17976.1	-10199.5	18451.7	3245.35	-13108.8	26954.5	9775.79	-219.1	10209	-14173.9	1239.24	
-531629	306571	7983.34	1092.82	72118.8	-88954.4	-9357.97	-7739.68	-5196.15	5603.25	1099.03	-6836.11	11232.9	4176.96	-193.945	4908.23	-4636.6	602.051	
-46735.8	25970.2	2280.97	351.054	208256	-122344	-5905.5	-825.034	4680.54	16187.2	2220.25	5221.32	2678.62	208.384	-195.634	-3165.57	-10921.2	-517.195	
-3.12455e+06	1.80203e+06	51892.6	6483.61	399322	-507818	-55268.2	-43965.1	-30986.8	29923.9	6280.32	-48136.4	58643.8	22316.6	-4815.31	30023.5	-26191.1	4580.51	
2.59454e+06	-1.52013e+06	-15601.4	698.435	4.64688e+06	-2.40396e+06	-78572.3	29565.5	151957	364770	46936.7	199856	8784.47	-17191.3	7833.56	-114024	-236300	-19430.9	
-1.06088e+06	642372	-22088.8	-5631.5	-6.21311e+06	3.43016e+06	140252	-7437.52	-171677	-485614	-64478	-213617	-46970.2	8009.59	-3180.71	123627	320638	20894.8	
-346690	198494	7097.83	1058.49	326698	-216739	-12980.9	-5332.47	3723.99	25436.1	3663.1	3998.74	10082.1	2607.87	-167.117	-1920.55	-17624.8	-518.495	
-3.39592e+06	1.95918e+06	56361	6836.27	251981	-448583	-55191.6	-47282.8	-38230.4	18001.1	4960.27	-59385.8	60456.9	23715.8	-6000.66	35522.3	-19344.1	5455.89	
2.42083e+06	-1.42083e+06	-15482	929.889	4.62123e+06	-2.40629e+06	-78343.6	26584.9	149032	362893	46885.6	198277	14750.9	-15352	9057.81	-113323	-235966	-20478.5	
-2.95548e+06	1.73815e+06	7904.69	-2103.79	-6.33552e+06	3.33018e+06	113575	-33556.6	-199816	-495697	-64651.6	-254335	-16214.9	21793.6	-6503.91	150390	324691	26188.4	
357629	-219060	4822.71	2197.84	2.42195e+06	-1.34369e+06	-53341.8	855.851	66103.5	190008	25212.5	88059.9	25604.6	-1064.41	4292.59	-49356.7	-125517	-9706.38	
-874646	519682	-4551.15	-1847.63	-2.86853e+06	1.54958e+06	57722.4	-8981.74	-84430.7	-223983	-29634.7	-104948	-14340.3	7025.76	-1623.96	62979.7	148132	11165.5	
-311095	178533	6044.17	822.704	187032	-134263	-8874.98	-4560.37	669.478	14435.4	2190.31	-207.467	7475.94	2162.66	-420.559	55.7345	-10410.6	-177.155	
204243	-120245	407.623	163.12	440533	-231573	-7836.1	2587.65	13922.9	34226.7	4524.21	16328.8	-116.112	-1963.81	-217.719	-10549.5	-22750.5	-1776.77	
-660437	378607	16210.5	1914.09	492488	-338613	-21633.4	-9023.51	3944.07	37507.1	5690.88	-1167.35	13149.2	3396.93	-2781.08	-1302.49	-27232.9	-179.114	
1.59795e+06	-933403	-14672.1	-632.635	2.02129e+06	-1.00432e+06	-25463.5	19399.2	72364.2	158593	20245.9	95708.8	-3949.54	-11158.2	4188.14	-56850.7	-102815	-10481.7	
-3.17513e+06	1.84395e+06	43512.1	3702.71	-2.03989e+06	873602	2943.41	-40262.6	-93423	-161596	-19310.7	-131986	26038.8	20673	-9347.36	75861.5	100499	13925.8	
2.50254e+06	-1.47099e+06	-20775.4	733.391	4.70593e+06	-2.4496e+06	-74697	26627.3	152321	369743	47980.1	206631	19883.1	-15095.4	11770.7	-119690	-241775	-23981	
-1.06975e+06	652754	-21414.6	-5585.12	-6.30277e+06	3.48376e+06	134245	-7467.65	-174496	-491394	-66015.2	-215385	-49065.4	9602.24	-3276.6	132616	329079	26002.9	
-2.57908e+06	1.48735e+06	44897.5	5219.74	196168	-343398	-41194.4	-35387	-28769.4	13431	3920.01	-47586.7	43448.5	16935.3	-5897.8	25991.2	-15669.2	3839.94	
1.17737e+06	-696720	-8014.44	1152.5	2.93239e+06	-1.56147e+06	-50873.9	11021.8	89909	230284	30223.5	122405	20464	-6476.31	7376.69	-71066.2	-151747	-15040	
-711907	432069	-10716.8	-3054.22	-3.66619e+06	2.01882e+06	75761	-5550.22	-102727	-285755	-38416.9	-127071	-27352.1	6342.71	-2162.8	79086.3	191694	15922.4	
-130472	73397.4	4415.94	637.146	316261	-191414	-9157.7	-2067.12	6365.55	24438.2	3462.47	6622.43	5120.95	584.534	-426.772	-4714.6	-17021.1	-1063.89	
124171	-74176.1	2400.18	315.514	432890	-234427	-8545	1698.14	12725.2	33370	4535.85	13460.4	191.561	-1800.58	-884.025	-9724.84	-22727.5	-1683.91	
778468	-453798	-6555.69	-539.692	771777	-368136	-7139.48	10249.9	29929.6	60184	7673.29	37351.6	-6769	-6301.91	635.569	-23878.2	-39258.2	-4242.32	
902044	-521404	-11202.8	-1483.33	166001	-12492.8	8328.83	12937.5	16139.8	12939.2	1144.88	19902.6	-16745.7	-7280.34	43.0233	-13221.1	-7027.88	-1656.3	
