-419339	251548	3044.7	742.945	-8717.9	-34894.6	-6242.53	-7506.13	-6092.78	46.5258	93.9509	-3231.84	14902.9	4650.28	2839.69	5440.84	532.141	588.359	
-3.55029e+06	2.05821e+06	28146.7	6253.89	-74269.4	-281192	-51206.6	-58166.4	-49951.5	-109.798	857.758	-29414.2	101215	39094.5	15409.2	45998.8	2502.44	5058.23	
3.94514e+06	-2.26366e+06	-31355.9	-6934.85	82606.4	307686	56311.3	62686.9	54919.3	358.388	-972.595	33815.1	-104194	-43297.2	-14120.9	-51171.9	-2050.71	-5632.53	
-2.77541e+06	1.61387e+06	22351.5	4901.03	-57877	-220858	-40127.6	-45666.2	-39140.7	-175.711	681.94	-23730.3	80068.7	30312.7	12227.2	35928.1	2008.11	3984.63	
2.6245e+06	-1.51353e+06	-21361.2	-4628.52	54754.4	206313	37634.5	42136.8	36702.5	303.306	-657.694	23119	-71170.6	-28551.1	-9914.1	-33987.4	-1503.92	-3783.12	
-383697	229140	2947.35	682.138	-7939.63	-31734.9	-5681.81	-6730.85	-5543.41	-4.61803	91.7031	-3268.97	13034.6	4168.99	2340.26	4971.28	430.372	549.435	
-284164	168205	2219.21	504.567	-5882.21	-23204	-4170.24	-4863	-4067.75	-18.8132	69.5805	-2497.46	9118.86	3073.05	1539.99	3680.72	271.649	407.876	
-1.49016e+06	863731	12544.6	2639.29	-30933.2	-118088	-21458.3	-24129.8	-20924.3	-240.605	384.001	-13705.6	41289.4	15994.4	5823.11	19252.3	907.571	2173.61	
438705	-252348	-3594.7	-774.997	9112.42	34353.6	6265.97	6926.8	6109.41	94.9026	-113.655	4149.41	-11482.9	-4702.73	-1460.84	-5686.46	-203.335	-640.389	
1.03399e+06	-597945	-8874.25	-1833.41	21422	81676.2	14852.8	16573	14481.6	221.691	-272.307	9853.22	-27910	-11006.3	-3732.28	-13352.9	-560.715	-1523.17	
-383734	223829	3246.98	682.109	-7924.74	-30695	-5551.08	-6278.68	-5412.31	-78.7431	100.739	-3675.12	10978.5	4069.79	1583.9	4954.61	252.345	562.964	
-6.48729e+06	3.7514e+06	57344.7	11529.1	-134021	-512654	-93142.1	-103642	-90802.1	-1667.38	1750.37	-63769.8	173313	68379.7	22487.7	83606.1	3308.97	9632.93	
7.60277e+06	-4.26783e+06	-67098.1	-13414.2	157575	574800	105925	111298	103206	2967.43	-2124.39	78876.8	-160036	-79798.7	-11080.9	-98179.2	-24.4429	-11263.2	
-405414	242291	3381.74	726.201	-8311.3	-33590.8	-5998.22	-7025.76	-5849.83	-73.8872	105.649	-3938.1	13392.5	4257.9	2257.32	5236.32	411.236	599.869	
-3.6534e+06	2.11647e+06	33101.4	6512.81	-75156.2	-289573	-52501.6	-58315.3	-51176.6	-1157.51	1012.79	-37485.9	97483	38003.5	12332	47015.3	1791.69	5484.82	
3.31881e+06	-1.89662e+06	-30086.2	-5898.43	68318.4	257803	47028.9	50852.5	45829.9	1299.57	-938.098	35167.3	-79662.4	-34376.9	-7999.67	-42747	-815.346	-4986.7	
16513.5	-7617.59	-269.728	-28.6577	350.021	932.721	196.293	125.261	190.915	17.6595	-6.45053	213.988	245.584	-162.153	174.434	-204.324	43.7874	-29.6839	
-212948	125140	1876.9	381.413	-4353.17	-17227.7	-3094.9	-3504.83	-3016.78	-70.9678	59.1647	-2245.28	6220.57	2192.29	881.034	2743.12	140.725	319.015	
-1.27315e+06	737032	11984	2277.68	-26051.9	-100859	-18261.8	-20129.1	-17797.5	-519.713	367.406	-13843.5	33142.2	12999.7	3877.21	16344.6	523.846	1939.25	
156290	-88950.7	-1323.85	-277.225	3204.65	12050.6	2199.24	2331.93	2143.04	79.8238	-44.4936	1764.89	-3588.24	-1602.3	-294.996	-2026.72	-15.1186	-235.922	
5785.35	-2607.04	87.6351	-8.5135	124.971	286.558	60.9595	18.688	59.485	9.71441	-0.499109	87.7021	58.9795	-71.3154	64.1574	-92.7355	21.2971	-6.46719	
2.20456e+06	-1.27372e+06	-21344.4	-3952.49	44946.2	174205	31539.7	34464.2	30734.5	1065.44	-655.308	25022.3	-55682.9	-22197.9	-5954.56	-28258.8	-728.085	-3400.66	
-431563	259330	3904.43	780.335	-8748.68	-36060.7	-6405.59	-7464.62	-6245.65	-155.188	122.448	-4743.7	14190.7	4356.35	2277.57	5553.11	416.35	661.231	
-1.48913e+06	866167	14554.7	2678.7	-30252.8	-118844	-21427	-23620.8	-20880.5	-748.966	447.589	-17220.2	39159	14863.4	4472.91	19070.3	603.763	2309.57	
1.20941e+06	-699154	-12032.6	-2174.58	24556.4	95682.4	17298.3	18828	16855.5	663.746	-369.44	14262.4	-30199	-12005.2	-3052.63	-15474.4	-349.538	-1887.41	
-428481	250823	4166.12	772.813	-8674.89	-34508.7	-6195.57	-6882.53	-6037.61	-225.134	129.716	-5051.11	11706.8	4243.3	1409.96	5488.37	201.794	665.895	
25259.4	-13788	-328.083	-45.2735	516.67	1845.19	346.366	336.545	337.529	19.9096	-8.73542	320.467	-328.812	-244.406	36.1421	-318.157	13.8106	-43.4293	
-154544	90245.4	1516.06	279.027	-3119.1	-12404.2	-2225.34	-2455.1	-2168.15	-89.6231	47.7135	-1874.56	4121.11	1514.7	463.263	1976.74	59.4439	240.087	
-135559	78722.8	1367.21	244.82	-2732.8	-10798.6	-1941.1	-2118.88	-1890.93	-84.2593	42.6729	-1673.77	3449.86	1319.25	346.944	1729.78	37.3859	211.609	
-81607.5	47197.7	843.029	147.495	-1641.92	-6465.52	-1162.7	-1259.94	-1132.38	-53.5764	26.1765	-1024.1	2003.94	787.938	181.624	1038.1	14.9718	127.274	
-441638	255147	4680.07	798.84	-8888.62	-34942.3	-6298.96	-6789.53	-6136.27	-302.519	143.141	-5607.36	10628.5	4248.57	908.452	5619.11	74.9821	702.605	
-18448.9	10626.6	288.79	34.1685	-367.109	-1468.22	-263.358	-290.948	-256.161	-11.664	7.0625	-233.803	411.619	167.223	31.0223	221.863	2.39047	29.9907	
405034	-234094	-4270.79	-733.124	8135.99	32055.4	5776.83	6198.69	5628.32	297.387	-132.371	5264.69	-9683.05	-3869.45	-786.169	-5162.21	-58.1261	-650.338	
62109.4	-36075.8	-660.328	-112.574	1248.47	4949.97	892.432	962.112	869.913	46.1335	-20.2913	811.704	-1525.31	-592.963	-134.32	-793.658	-14.5714	-101.933	
-1.69242e+06	978006	18569.8	3072.52	-33881.2	-134010	-24119.7	-25833.8	-23498	-1314.1	567.615	-22488.8	39886.8	15959.4	3018.18	21479.5	177.897	2737.02	
1.41389e+06	-809231	-15375.1	-2560.57	28283.3	110381	19938.8	20916.2	19422.6	1188.88	-478.403	19197.1	-30719.5	-13273.8	-1564.15	-17963.3	111.108	-2286.81	
-6.03804e+06	3.4892e+06	67471.7	10982.3	-120545	-478212	-85998	-91814.9	-83786.1	-4968.02	2060.69	-82022.2	140651	56349.4	9891.35	76517.2	420.194	9840.66	
8.11261e+06	-4.55054e+06	-91361.3	-14656	161884	615456	112019	112650	109084	7816.96	-2842.93	114686	-144273	-75054.5	2458.7	-102683	3647.29	-13198	
-509803	309167	5288.56	937.267	-10135.5	-43187.5	-7601.76	-8776.79	-7412.45	-348.938	166.741	-6757.45	16535.2	4770.54	2392.43	6509.47	434.4	828.668	
-736950	433852	8104.13	1348.25	-14643	-59912.8	-10670.5	-11712.2	-10400	-606.802	251.812	-10167.6	19526.7	6807.47	1945.65	9356.07	237.698	1206.69	
-287819	168177	3195.76	526.128	-5709.88	-23153.4	-4132.14	-4469.49	-4026.79	-252.23	99.7642	-4044.06	7191.76	2640.21	600.74	3648.52	49.0317	471.07	
-148094	86129.4	1667.08	270.767	-2932.4	-11836.9	-2114.07	-2265.34	-2059.88	-135.754	52.0559	-2112.21	3554.87	1348.5	254.546	1873.28	9.85191	242.239	
-7.05743e+06	4.07815e+06	82916	12907.4	-139697	-559274	-100277	-106052	-97719.4	-6796	2533.17	-102142	158754	63784.4	8508.92	89018	-298.448	11740.4	
5.59553e+06	-3.06333e+06	-66741.8	-10106.6	110612	410173	75160.3	71046.8	73178.2	6705.95	-2088.96	85837.3	-71475.5	-49886.4	12241.2	-70342.6	5374.15	-9261.26	
3.04539e+06	-1.75499e+06	-36168.5	-5574.24	60112.1	240414	43108.3	45198.7	42011.3	3112.76	-1110.67	45099.2	-66248.4	-27229.9	-2720.5	-38371.5	387.879	-5094.97	
-498543	301403	5507.29	921.789	-9828.16	-42061.9	-7392.43	-8406.38	-7209.83	-428.419	174.007	-7147.65	15373.2	4494.98	1970.3	6335.72	333.74	830.131	
-159064	99069.1	1602.71	295.639	-3131.51	-13966.9	-2423.27	-2879.59	-2364.34	-122.175	53.4021	-2245.17	5857.01	1443.31	942.133	2039.23	184.942	261.53	
-376998	223408	4337.32	695.389	-7409.75	-30941.2	-5473.97	-6002.08	-5337.45	-371.856	136.423	-5618.19	10073.6	3344.11	938.284	4768.28	105.931	631.639	
-227475	134014	2640.85	419.404	-4463.03	-18517.7	-3280.43	-3555.04	-3198.32	-235.12	83.3219	-3442.31	5804.11	2003.56	464.688	2872.74	35.5396	381.196	
-1.63833e+06	947840	20293.3	3016.22	-32101.1	-130131	-23233.9	-24358.7	-22649.5	-1840.8	621.28	-25376.1	35714.6	14246.5	1278.27	20552	-257.475	2786.55	
1.22714e+06	-705413	-15200.9	-2256.3	24010	96577.4	17278.3	17853.3	16843.7	1442.57	-469.117	19300.9	-25204.1	-10610.9	-384.911	-15392.9	350.875	-2091.64	
-224173	129452	2831.81	413.516	-4376.53	-17764.7	-3168.32	-3302.31	-3088.53	-263.742	86.6346	-3543.33	4756.05	1923.65	117.449	2803.41	-52.4116	382.187	
696023	-402360	-8834.27	-1284.44	13582.1	55236.6	9853.55	10264.4	9607.84	834.276	-270.279	11092.4	-14780.4	-5951.17	-355.921	-8711.42	156.796	-1198.23	
304171	-174105	-4037.25	-561.384	5925.83	23823.2	4267.2	4361.22	4160.64	382.188	-121.01	4923.6	-5824.05	-2572.81	61.5812	-3787.21	122.166	-529.248	
-261634	154752	3172.53	485.367	-5092.14	-21423.3	-3778.95	-4086.92	-3685.9	-303.483	100.203	-4176.04	6655.84	2230.14	485.465	3291.26	28.9027	447.428	
-7.30284e+06	4.22056e+06	95253.7	13517.8	-141838	-579562	-103204	-107008	-100644	-9272.83	2907.76	-119584	151784	61295.8	2037.61	91083.1	-2121.19	12679.2	
8.71751e+06	-4.86985e+06	-115760	-16019.8	168728	659435	118852	114867	115854	12470.4	-3559.39	147920	-127718	-72198.1	16186.8	-108256	7692.7	-15114.6	
-547950	334260	6599.26	1026.08	-10646.8	-46813.2	-8161.15	-9257.75	-7965.63	-605.177	209.739	-8758.84	16903.1	4634.29	1985.12	6917.22	328.892	949.441	
-2.14153e+06	1.24682e+06	28193.4	3979.85	-41427.8	-171720	-30441.4	-31843.6	-29695.4	-2812.46	865.84	-35808.8	46612	17703.9	1131.66	26690.5	-485.482	3747.79	
1.84846e+06	-1.06688e+06	-24769.4	-3432.03	35688.7	146462	26037.7	26754.8	25399	2535.87	-758.085	31378.5	-37020.2	-15151.1	161.056	-22980	725.492	-3249.27	
-338903	202235	4265.32	633.279	-6547.12	-28096.5	-4927.32	-5363.47	-4808.57	-429.486	135.078	-5666.8	8899.04	2796.99	668.459	4250.56	50.0931	591.476	
-254677	150563	3264.79	475.438	-4908.47	-20847.1	-3665.26	-3919.78	-3576.62	-338.419	103.06	-4326.57	6209.49	2082.28	332.608	3184.57	-9.29976	445.363	
-191377	112313	2497.93	357.126	-3679.95	-15510.4	-2731.89	-2879.97	-2665.65	-264.384	78.5423	-3296.8	4379.81	1550.48	147.495	2385.94	-35.4321	335.338	
-143803	83897.4	1911.84	268.367	-2758.75	-11562.7	-2039.07	-2124.42	-1989.52	-205.291	59.8227	-2508.46	3114.67	1154.45	47.2546	1787.32	-44.3575	252.461	
-108049	62729	1464.87	201.733	-2067.89	-8631.46	-1523.35	-1571.51	-1486.24	-158.709	45.5604	-1906.53	2227.22	859.321	-5.46776	1338.44	-44.8207	190.02	
-7.11884e+06	4.11163e+06	100375	13297.9	-136198	-564963	-100075	-102078	-97664.3	-10760.9	3057.98	-126890	137523	56173.2	-3422.99	87915	-3572.28	12754.5	
8.71872e+06	-4.85087e+06	-125593	-16159	165906	656741	117776	111003	114893	14715.3	-3837.26	160843	-110556	-67689.3	24212.2	-107018	10029.3	-15594.7	
-478535	290076	6250.36	902.848	-9174.49	-40534.7	-7050.15	-7803.67	-6885.27	-655.438	198.992	-8389.14	13498.1	3804.99	1169.15	5987.42	136.742	854.876	
-7.37698e+06	4.26794e+06	105983	13821.5	-140520	-586926	-103726	-105651	-101255	-11637.7	3233.06	-134510	141842	57144.7	-4363.35	90879.5	-3946.74	13333.8	
8.43638e+06	-4.73026e+06	-123825	-15706.6	159863	642661	114712	109408	111946	14593.7	-3777.97	158399	-114965	-64352.8	21324.9	-103325	9143.96	-15240.3	
-7.60271e+06	4.41447e+06	110323	14280.2	-144445	-607958	-107189	-109596	-104658	-12252.3	3371.08	-140458	149118	58211.9	-3908.02	93557.2	-3915.25	13822.8	
4.78986e+06	-2.66061e+06	-71449.4	-8913.6	90355.5	360198	64410.4	59973.7	62862.8	8702.41	-2181.74	91855.1	-56476.8	-35965.7	15352.9	-58466.2	6133.33	-8690.96	
3.28327e+06	-1.89579e+06	-48632.1	-6171.02	62147.8	260593	45981.8	46373.6	44902	5524.18	-1482.12	61814.2	-60187.4	-24761	3279.26	-40267.6	2136.55	-6007.75	
-870379	536795	11767.4	1657.76	-16600.2	-75464.9	-13026.1	-14717.4	-12730.2	-1251.98	375.339	-15809.9	26586.6	6701.17	2676.12	10870.2	413.95	1588.6	
-316821	199735	4041.09	605.795	-6052.85	-28262.7	-4840.24	-5645.08	-4731.54	-435.522	133.855	-5720.88	11043	2452.5	1415.31	3991.45	268.023	575.053	
-233044	146535	2962.57	445.488	-4444.27	-20711.4	-3546.68	-4112.74	-3467.11	-329.239	98.9708	-4253.27	7987.76	1792.46	985.721	2935.52	179.917	422.689	
-386428	232068	5437.87	733.499	-7309.34	-32325.4	-5613.85	-6038.54	-5485.99	-628.397	172.788	-7322.5	9730.75	2889.9	451.508	4786.33	-26.3066	708.529	
-7.24727e+06	4.18964e+06	111192	13688.6	-136137	-576366	-101358	-101703	-99025.4	-13036.1	3386.36	-141446	129472	52845.8	-9320.72	88413.6	-5334.78	13453.3	
8.34432e+06	-4.66607e+06	-131106	-15656.7	155679	633993	112591	105226	109975	16354.7	-3979.98	167450	-100197	-59777.7	27517.9	-101063	10976.5	-15479	
-565403	346235	7964.25	1080.51	-10687.7	-48545.1	-8372.13	-9270.62	-8185.42	-913.65	255.245	-10816.4	16039.7	4176.97	1221.62	7019.28	122.725	1047.6	
-303563	186156	4218.06	580.324	-5730.32	-26103	-4494.92	-4978.55	-4394.97	-497.249	137.054	-5851.48	8685.25	2232.32	666.618	3774.13	65.2711	561.246	
-7.27708e+06	4.2089e+06	114704	13796.1	-135858	-579255	-101609	-101441	-99312.4	-13785.4	3493.01	-146065	126682	51611.6	-11234.5	88398.6	-5916.92	13663.9	
8.385e+06	-4.69761e+06	-135425	-15797.9	155421	639032	113112	105472	110535	17192.2	-4104.06	172711	-99013.8	-58402.6	29030.1	-101093	11478.4	-15738.1	
-4.08026e+06	2.38035e+06	64394	7761.16	-76055	-328587	-57415.1	-58095.7	-56133.7	-7789.09	1972.84	-82639.5	76269	28642.9	-4768.04	49594.2	-2897.68	7699.7	
3.65005e+06	-2.09681e+06	-58789.1	-6926.52	67740.6	287907	50511.9	49506.5	49384.2	7289.32	-1790.65	75101.7	-57813.8	-25287.9	7856.42	-44146.6	3623.6	-6905.66	
-318389	200498	4391.94	614.48	-6003.27	-28341.2	-4833.95	-5547.78	-4729.72	-524.022	146.053	-6262.36	10493.7	2290.99	1115.15	3975.69	187.448	596.707	
-435886	263450	6526.75	835.837	-8141.08	-36774.4	-6343.19	-6803.77	-6205.13	-803.191	208.253	-8844.94	10865.2	3051.16	351.35	5356.99	-73.7475	822.899	
-369586	219811	5699.1	707.221	-6869.81	-30524.7	-5286.03	-5503.92	-5170.81	-714.706	179.727	-7620.92	8063.9	2548.76	-95.3634	4513.19	-174.984	699.729	
-2.74534e+06	1.58805e+06	45303.3	5237.55	-50690.1	-218648	-38187.7	-37738.4	-37353.6	-5670	1379.77	-57770.6	45268.4	18507.8	-5585.17	33087.4	-2642.18	5254.23	
2.99566e+06	-1.71556e+06	-49922.4	-5706.07	55114	235370	41200.5	39816.2	40303.4	6390.03	-1519.53	63817.1	-43872	-19981.3	8033.29	-36000.8	3454.79	-5743.66	
-7.27624e+06	4.20585e+06	121957	13905.6	-133908	-579008	-101032	-99412.2	-98849	-15404	3708.33	-155162	116951	48299.6	-16175.5	87451.7	-7406.42	14010	
8.32677e+06	-4.65047e+06	-143428	-15808.4	151865	632529	111368	101660	108951	19019.4	-4324.75	182020	-84270.9	-54132.4	35356.7	-99164.4	13427.5	-16024.1	
-446886	278048	6662.55	866.163	-8332.82	-39152.1	-6681.49	-7459.85	-6541.49	-834.007	218.034	-9296.23	13184.1	3038.55	963.123	5515.74	96.9535	857	
-4.62257e+06	2.68116e+06	78568.6	8862.87	-84728	-369564	-64301	-63411.7	-62935.9	-10064.5	2395.72	-100308	75261.4	30043.5	-10322.1	55432.2	-4743.02	8969.38	
4.81987e+06	-2.74801e+06	-83388.9	-9214.52	87859	376578	65786.3	62521.3	64392.4	10960.5	-2529.72	106198	-63672.3	-30872	15836.7	-57487.5	6442.09	-9365.63	
-421352	259050	6513.44	816.892	-7803.12	-36340.2	-6211.48	-6774.06	-6082.85	-839.133	211.352	-9002.45	11297.6	2785.08	494.998	5164.23	-27.7626	814.605	
-371787	224260	5944.1	718.854	-6842.92	-31277.6	-5369.21	-5660.21	-5258.04	-779.638	189.963	-8075.3	8603.74	2414.89	-25.903	4520.86	-158.626	720.761	
-745133	435545	12742.9	1435.07	-13592.9	-60178.2	-10417.9	-10362.6	-10202	-1674.18	392.966	-16523.7	12803.8	4716.35	-1526.99	8927.51	-735.375	1456.62	
208464	-119871	-3757.59	-401.025	3786.41	16486.7	2870.47	2763.87	2811.61	486.184	-112.697	4679.08	-2901.68	-1296.41	650.568	-2473.5	264.966	-413.354	
-43600.7	26547.4	637.746	84.4253	-797.513	-3705.86	-629.847	-670.377	-616.736	-93.6764	21.8873	-966.099	1099.84	279.038	18.6639	534.578	-16.3347	82.0428	
