0.679793	1.39124	0.0491897	-0.798981	-0.0329802	0.107769	-0.306723	0.00163811	-1.29532	1.67997	-0.256567	0.665461	0.218187	0.173174	0.0733866	0.0996105	0.444569	0.391664	
0.696015	1.39232	0.0496435	-0.799753	-0.0332208	0.10731	-0.308114	0.00167315	-1.29544	1.68111	-0.256931	0.666512	0.219258	0.174116	0.0747263	0.100359	0.445185	0.392381	
0.667645	1.39339	0.050098	-0.800524	-0.0334606	0.106851	-0.309504	0.00170701	-1.29557	1.68224	-0.257295	0.66756	0.220327	0.175057	0.0760657	0.101107	0.4458	0.393096	
0.68886	1.39447	0.0505532	-0.801296	-0.0336993	0.106392	-0.310893	0.00173961	-1.29569	1.68337	-0.25766	0.668607	0.221394	0.175997	0.0774046	0.101854	0.446414	0.39381	
0.675158	1.39554	0.0510093	-0.802066	-0.0339371	0.105934	-0.312282	0.00177104	-1.29581	1.68451	-0.258025	0.669651	0.222459	0.176937	0.0787431	0.102599	0.447027	0.394522	
0.694508	1.39662	0.051466	-0.802837	-0.0341739	0.105477	-0.313669	0.00180123	-1.29593	1.68564	-0.258392	0.670693	0.223522	0.177876	0.0800812	0.103344	0.44764	0.395233	
0.709036	1.39769	0.0519236	-0.803607	-0.0344099	0.10502	-0.315056	0.00183025	-1.29605	1.68676	-0.258759	0.671733	0.224584	0.178814	0.081419	0.104087	0.448251	0.395942	
0.719989	1.39877	0.0523818	-0.804377	-0.034645	0.104564	-0.316442	0.0018581	-1.29617	1.68789	-0.259127	0.672771	0.225644	0.179751	0.0827564	0.10483	0.448861	0.39665	
0.712122	1.39984	0.0528409	-0.805147	-0.0348794	0.104109	-0.317826	0.00188478	-1.29628	1.68902	-0.259496	0.673807	0.226702	0.180688	0.0840934	0.105572	0.449471	0.397356	
0.709795	1.40091	0.0533007	-0.805916	-0.0351126	0.103653	-0.31921	0.00191021	-1.2964	1.69014	-0.259865	0.674841	0.227758	0.181624	0.08543	0.106312	0.450079	0.398061	
0.720555	1.40198	0.0537612	-0.806685	-0.0353448	0.103199	-0.320594	0.00193441	-1.29651	1.69127	-0.260236	0.675872	0.228812	0.182558	0.0867661	0.107052	0.450687	0.398764	
0.72646	1.40305	0.0542225	-0.807453	-0.0355762	0.102745	-0.321976	0.00195746	-1.29663	1.69239	-0.260607	0.676902	0.229864	0.183492	0.0881018	0.10779	0.451294	0.399466	
0.650085	1.40413	0.0546846	-0.808221	-0.0358068	0.102292	-0.323357	0.00197935	-1.29674	1.69351	-0.260978	0.677929	0.230915	0.184426	0.0894373	0.108528	0.451899	0.400166	
0.670161	1.4052	0.0551474	-0.808989	-0.0360364	0.101839	-0.324737	0.00200002	-1.29685	1.69463	-0.261351	0.678955	0.231964	0.185358	0.0907722	0.109264	0.452504	0.400865	
0.685102	1.40627	0.055611	-0.809756	-0.0362652	0.101387	-0.326117	0.00201952	-1.29697	1.69575	-0.261724	0.679978	0.233011	0.18629	0.0921068	0.109999	0.453108	0.401562	
0.653582	1.40734	0.0560754	-0.810524	-0.0364932	0.100935	-0.327495	0.00203787	-1.29708	1.69687	-0.262098	0.680999	0.234056	0.187221	0.093441	0.110734	0.453711	0.402257	
0.664288	1.4084	0.0565405	-0.81129	-0.0367201	0.100484	-0.328872	0.00205499	-1.29718	1.69798	-0.262473	0.682018	0.235099	0.188151	0.0947748	0.111467	0.454314	0.402951	
0.675212	1.40947	0.0570064	-0.812057	-0.0369462	0.100033	-0.330249	0.00207096	-1.29729	1.6991	-0.262849	0.683035	0.23614	0.18908	0.0961082	0.112199	0.454915	0.403644	
0.683429	1.41054	0.057473	-0.812822	-0.0371715	0.0995833	-0.331624	0.00208577	-1.2974	1.70021	-0.263225	0.684049	0.237179	0.190009	0.0974412	0.11293	0.455515	0.404335	
0.675394	1.41161	0.0579405	-0.813588	-0.037396	0.0991339	-0.332998	0.00209942	-1.29751	1.70132	-0.263602	0.685062	0.238217	0.190937	0.0987738	0.113661	0.456114	0.405024	
0.669347	1.41267	0.0584086	-0.814353	-0.0376194	0.0986852	-0.334372	0.00211184	-1.29761	1.70243	-0.26398	0.686072	0.239253	0.191864	0.100106	0.11439	0.456713	0.405712	
0.663367	1.41374	0.0588776	-0.815118	-0.0378417	0.098237	-0.335744	0.00212305	-1.29772	1.70354	-0.264359	0.687081	0.240287	0.19279	0.101438	0.115118	0.457311	0.406399	
0.68561	1.41481	0.0593474	-0.815882	-0.038063	0.0977895	-0.337116	0.00213304	-1.29782	1.70465	-0.264739	0.688087	0.241319	0.193715	0.102769	0.115845	0.457907	0.407083	
0.702341	1.41587	0.0598179	-0.816646	-0.0382836	0.0973425	-0.338487	0.00214191	-1.29792	1.70576	-0.265119	0.689091	0.242349	0.19464	0.1041	0.116571	0.458503	0.407767	
0.69998	1.41693	0.0602891	-0.81741	-0.0385034	0.0968961	-0.339857	0.00214964	-1.29802	1.70686	-0.2655	0.690093	0.243377	0.195564	0.10543	0.117296	0.459098	0.408448	
0.713147	1.418	0.0607612	-0.818173	-0.0387221	0.0964504	-0.341225	0.00215615	-1.29812	1.70797	-0.265882	0.691093	0.244404	0.196487	0.10676	0.11802	0.459692	0.409129	
0.720817	1.41906	0.061234	-0.818936	-0.0389401	0.0960052	-0.342593	0.00216152	-1.29822	1.70907	-0.266264	0.69209	0.245428	0.197409	0.108089	0.118743	0.460285	0.409807	
0.728819	1.42012	0.0617076	-0.819698	-0.0391573	0.0955606	-0.34396	0.00216576	-1.29832	1.71017	-0.266647	0.693086	0.246451	0.198331	0.109419	0.119464	0.460877	0.410484	
0.734836	1.42119	0.0621819	-0.82046	-0.0393736	0.0951167	-0.345325	0.00216885	-1.29842	1.71127	-0.267031	0.694079	0.247472	0.199252	0.110747	0.120185	0.461468	0.41116	
0.739109	1.42225	0.0626571	-0.821222	-0.0395891	0.0946733	-0.34669	0.00217079	-1.29851	1.71237	-0.267416	0.69507	0.248491	0.200172	0.112076	0.120905	0.462058	0.411834	
0.742333	1.42331	0.063133	-0.821983	-0.0398037	0.0942306	-0.348053	0.00217157	-1.29861	1.71347	-0.267802	0.696058	0.249508	0.201091	0.113404	0.121624	0.462648	0.412507	
0.739853	1.42437	0.0636097	-0.822744	-0.0400174	0.0937885	-0.349415	0.0021712	-1.2987	1.71456	-0.268188	0.697045	0.250523	0.202009	0.114731	0.122341	0.463236	0.413178	
0.737131	1.42543	0.0640875	-0.823504	-0.0402327	0.0933498	-0.350775	0.00216246	-1.2988	1.71566	-0.268579	0.698029	0.251537	0.202927	0.116058	0.123058	0.463824	0.413847	
0.739647	1.42649	0.0645664	-0.824264	-0.0404487	0.0929138	-0.352134	0.00214719	-1.29888	1.71675	-0.268975	0.69901	0.252549	0.203845	0.117384	0.123774	0.464411	0.414515	
0.742969	1.42755	0.0650463	-0.825024	-0.0406655	0.0924799	-0.35349	0.00212686	-1.29897	1.71785	-0.269373	0.699989	0.25356	0.204762	0.118709	0.124489	0.464997	0.415181	
0.724347	1.4286	0.0655271	-0.825783	-0.0408824	0.0920479	-0.354845	0.00210248	-1.29906	1.71894	-0.269774	0.700965	0.254568	0.205678	0.120034	0.125203	0.465582	0.415846	
0.724057	1.42966	0.0660088	-0.826542	-0.0410991	0.0916173	-0.356198	0.00207475	-1.29914	1.72004	-0.270178	0.701939	0.255576	0.206594	0.121359	0.125916	0.466166	0.416509	
0.645318	1.43072	0.0664913	-0.827301	-0.0413152	0.091188	-0.357551	0.00204421	-1.29923	1.72113	-0.270583	0.702911	0.256581	0.207509	0.122682	0.126628	0.466749	0.41717	
0.672003	1.43177	0.0669747	-0.828059	-0.0415308	0.0907597	-0.358902	0.00201136	-1.29931	1.72222	-0.270989	0.703881	0.257585	0.208423	0.124006	0.127339	0.467331	0.41783	
0.692075	1.43283	0.067459	-0.828816	-0.0417459	0.0903324	-0.360251	0.0019766	-1.29939	1.72331	-0.271397	0.704848	0.258587	0.209336	0.125328	0.128049	0.467913	0.418489	
0.702562	1.43388	0.067944	-0.829573	-0.0419605	0.089906	-0.3616	0.00194016	-1.29947	1.7244	-0.271805	0.705813	0.259587	0.210249	0.126651	0.128758	0.468493	0.419146	
0.709304	1.43494	0.0684298	-0.83033	-0.0421744	0.0894803	-0.362947	0.0019022	-1.29955	1.72549	-0.272215	0.706776	0.260585	0.211161	0.127973	0.129466	0.469073	0.419801	
0.714117	1.43599	0.0689165	-0.831086	-0.0423876	0.0890554	-0.364293	0.00186286	-1.29962	1.72658	-0.272625	0.707736	0.261581	0.212072	0.129294	0.130173	0.469652	0.420455	
0.626711	1.43704	0.0694039	-0.831842	-0.0426001	0.0886312	-0.365638	0.00182223	-1.2997	1.72766	-0.273037	0.708694	0.262575	0.212983	0.130615	0.130878	0.470229	0.421107	
0.612407	1.4381	0.0698922	-0.832597	-0.0428114	0.0882077	-0.366982	0.00178031	-1.29978	1.72875	-0.273449	0.70965	0.263568	0.213893	0.131935	0.131583	0.470806	0.421757	
0.637959	1.43915	0.0703812	-0.833352	-0.0430217	0.0877849	-0.368325	0.00173717	-1.29985	1.72983	-0.273862	0.710604	0.264558	0.214801	0.133255	0.132287	0.471382	0.422407	
0.657	1.4402	0.0708711	-0.834107	-0.0432313	0.0873627	-0.369666	0.00169294	-1.29992	1.73091	-0.274276	0.711556	0.265547	0.215709	0.134575	0.132989	0.471957	0.423054	
0.67397	1.44125	0.0713617	-0.83486	-0.04344	0.0869412	-0.371007	0.00164766	-1.3	1.73199	-0.27469	0.712505	0.266533	0.216617	0.135894	0.133691	0.472532	0.4237	
0.686005	1.4423	0.0718531	-0.835614	-0.0436479	0.0865202	-0.372347	0.00160132	-1.30007	1.73307	-0.275106	0.713452	0.267518	0.217523	0.137212	0.134391	0.473105	0.424344	
0.695059	1.44335	0.0723453	-0.836367	-0.0438548	0.0860999	-0.373685	0.00155396	-1.30014	1.73414	-0.275521	0.714397	0.268501	0.218429	0.13853	0.135091	0.473677	0.424987	
0.682567	1.44439	0.0728383	-0.837119	-0.0440609	0.0856803	-0.375022	0.00150557	-1.30021	1.73522	-0.275938	0.71534	0.269482	0.219334	0.139848	0.135789	0.474248	0.425629	
0.686219	1.44544	0.0733321	-0.837871	-0.0442659	0.0852612	-0.376359	0.00145609	-1.30028	1.73629	-0.276355	0.716281	0.270461	0.220238	0.141165	0.136486	0.474819	0.426268	
0.686919	1.44649	0.0738267	-0.838622	-0.0444699	0.0848428	-0.377694	0.00140561	-1.30034	1.73736	-0.276773	0.717219	0.271438	0.221141	0.142482	0.137183	0.475389	0.426906	
0.6968	1.44753	0.0743221	-0.839373	-0.044673	0.084425	-0.379029	0.00135412	-1.30041	1.73843	-0.277192	0.718155	0.272413	0.222044	0.143798	0.137878	0.475957	0.427543	
0.710707	1.44858	0.0748182	-0.840124	-0.0448752	0.0840078	-0.380362	0.00130164	-1.30048	1.7395	-0.277611	0.719089	0.273387	0.222946	0.145113	0.138572	0.476525	0.428178	
0.721166	1.44962	0.0753152	-0.840873	-0.0450765	0.0835913	-0.381694	0.00124818	-1.30054	1.74057	-0.278031	0.720021	0.274358	0.223847	0.146428	0.139265	0.477092	0.428812	
0.635001	1.45067	0.0758129	-0.841623	-0.0452769	0.0831754	-0.383025	0.00119374	-1.3006	1.74164	-0.278452	0.720951	0.275327	0.224747	0.147743	0.139957	0.477658	0.429443	
0.664213	1.45171	0.0763115	-0.842372	-0.0454761	0.0827601	-0.384356	0.00113823	-1.30067	1.7427	-0.278874	0.721878	0.276295	0.225646	0.149057	0.140648	0.478223	0.430074	
0.686187	1.45275	0.0768108	-0.84312	-0.0456744	0.0823455	-0.385685	0.00108175	-1.30073	1.74376	-0.279296	0.722804	0.27726	0.226544	0.15037	0.141337	0.478787	0.430702	
0.679761	1.45379	0.077311	-0.843868	-0.0458719	0.0819315	-0.387013	0.0010243	-1.30079	1.74483	-0.279718	0.723727	0.278224	0.227442	0.151684	0.142026	0.47935	0.43133	
0.69788	1.45483	0.0778119	-0.844615	-0.0460682	0.0815181	-0.38834	0.000965795	-1.30085	1.74589	-0.280142	0.724648	0.279186	0.228339	0.152996	0.142714	0.479913	0.431955	
0.711508	1.45587	0.0783137	-0.845361	-0.0462636	0.0811054	-0.389666	0.000906332	-1.30091	1.74694	-0.280566	0.725566	0.280146	0.229235	0.154308	0.1434	0.480474	0.432579	
0.721758	1.45691	0.0788162	-0.846108	-0.0464581	0.0806934	-0.39099	0.000845909	-1.30097	1.748	-0.280991	0.726483	0.281104	0.23013	0.155619	0.144086	0.481034	0.433202	
0.729467	1.45795	0.0793196	-0.846853	-0.0466517	0.0802819	-0.392314	0.000784519	-1.30102	1.74906	-0.281416	0.727397	0.28206	0.231025	0.15693	0.14477	0.481594	0.433823	
0.735265	1.45899	0.0798237	-0.847598	-0.0468444	0.0798712	-0.393637	0.000722159	-1.30108	1.75011	-0.281843	0.728309	0.283014	0.231918	0.158241	0.145454	0.482153	0.434442	
0.739624	1.46002	0.0803287	-0.848343	-0.0470362	0.0794611	-0.394958	0.000658826	-1.30113	1.75116	-0.282269	0.729218	0.283966	0.232811	0.159551	0.146136	0.48271	0.43506	
0.648875	1.46106	0.0808344	-0.849087	-0.047227	0.0790516	-0.396278	0.000594517	-1.30119	1.75221	-0.282697	0.730126	0.284916	0.233703	0.16086	0.146817	0.483267	0.435676	
0.674634	1.46209	0.081341	-0.84983	-0.0474166	0.0786428	-0.397598	0.000529143	-1.30124	1.75326	-0.283125	0.731031	0.285864	0.234594	0.162169	0.147498	0.483823	0.43629	
0.69401	1.46313	0.0818483	-0.850573	-0.0476053	0.0782347	-0.398916	0.000462816	-1.30129	1.75431	-0.283554	0.731934	0.28681	0.235484	0.163477	0.148177	0.484378	0.436903	
0.614558	1.46416	0.0823565	-0.851315	-0.0477931	0.0778272	-0.400233	0.00039553	-1.30134	1.75536	-0.283984	0.732835	0.287755	0.236374	0.164785	0.148855	0.484932	0.437515	
0.648175	1.4652	0.0828655	-0.852056	-0.0479798	0.0774204	-0.40155	0.000327189	-1.30139	1.7564	-0.284414	0.733734	0.288697	0.237262	0.166092	0.149532	0.485485	0.438125	
0.579756	1.46623	0.0833752	-0.852798	-0.0481656	0.0770143	-0.402865	0.000257905	-1.30144	1.75744	-0.284845	0.73463	0.289638	0.23815	0.167399	0.150208	0.486038	0.438733	
0.575634	1.46726	0.0838858	-0.853538	-0.0483503	0.0766089	-0.404179	0.000187578	-1.30149	1.75849	-0.285277	0.735524	0.290576	0.239037	0.168705	0.150883	0.486589	0.43934	
0.615666	1.46829	0.0843972	-0.854278	-0.0485338	0.0762041	-0.405492	0.000116223	-1.30154	1.75953	-0.285709	0.736417	0.291513	0.239923	0.170011	0.151556	0.487139	0.439945	
0.644016	1.46932	0.0849094	-0.855017	-0.0487166	0.0758001	-0.406804	4.39491e-05	-1.30158	1.76056	-0.286142	0.737306	0.292448	0.240808	0.171316	0.152229	0.487689	0.440548	
0.668121	1.47035	0.0854224	-0.855756	-0.0488985	0.0753967	-0.408115	-2.9257e-05	-1.30163	1.7616	-0.286576	0.738194	0.29338	0.241693	0.17262	0.152901	0.488238	0.44115	
0.689103	1.47137	0.0859363	-0.856494	-0.0490794	0.0749939	-0.409424	-0.000103405	-1.30167	1.76264	-0.28701	0.739079	0.294311	0.242577	0.173924	0.153571	0.488785	0.441751	
0.704885	1.4724	0.0864509	-0.857231	-0.0492595	0.0745919	-0.410733	-0.000178501	-1.30172	1.76367	-0.287445	0.739962	0.29524	0.243459	0.175227	0.154241	0.489332	0.442349	
0.622729	1.47343	0.0869663	-0.857968	-0.0494386	0.0741906	-0.41204	-0.000254551	-1.30176	1.7647	-0.287881	0.740843	0.296167	0.244341	0.17653	0.154909	0.489878	0.442946	
0.653378	1.47445	0.0874826	-0.858705	-0.0496165	0.0737899	-0.413346	-0.000331654	-1.3018	1.76573	-0.288318	0.741721	0.297092	0.245223	0.177832	0.155577	0.490423	0.443542	
0.676398	1.47548	0.0879997	-0.85944	-0.0497936	0.07339	-0.414651	-0.000409692	-1.30184	1.76676	-0.288755	0.742598	0.298015	0.246103	0.179134	0.156243	0.490967	0.444136	
0.695323	1.4765	0.0885175	-0.860175	-0.0499697	0.0729907	-0.415955	-0.000488673	-1.30188	1.76779	-0.289192	0.743472	0.298936	0.246982	0.180435	0.156908	0.49151	0.444729	
0.615532	1.47752	0.0890362	-0.86091	-0.0501449	0.0725922	-0.417258	-0.000568602	-1.30192	1.76881	-0.289631	0.744343	0.299855	0.247861	0.181736	0.157572	0.492052	0.445319	
0.649534	1.47855	0.0895558	-0.861644	-0.050319	0.0721944	-0.41856	-0.000649581	-1.30195	1.76984	-0.29007	0.745213	0.300772	0.248739	0.183036	0.158235	0.492594	0.445909	
0.628101	1.47957	0.0900761	-0.862377	-0.0504922	0.0717972	-0.419861	-0.000731491	-1.30199	1.77086	-0.29051	0.74608	0.301687	0.249616	0.184335	0.158898	0.493134	0.446496	
0.656309	1.48059	0.0905972	-0.86311	-0.0506642	0.0714009	-0.42116	-0.000814437	-1.30203	1.77188	-0.29095	0.746945	0.3026	0.250492	0.185634	0.159558	0.493674	0.447082	
0.680205	1.48161	0.0911192	-0.863842	-0.0508354	0.0710052	-0.422459	-0.000898303	-1.30206	1.7729	-0.291392	0.747808	0.303511	0.251367	0.186932	0.160218	0.494212	0.447667	
0.69818	1.48263	0.091642	-0.864573	-0.0510056	0.0706102	-0.423756	-0.000983097	-1.30209	1.77392	-0.291834	0.748669	0.304421	0.252242	0.18823	0.160877	0.49475	0.44825	
0.711126	1.48364	0.0921656	-0.865304	-0.0511749	0.0702159	-0.425052	-0.00106883	-1.30213	1.77493	-0.292276	0.749527	0.305328	0.253116	0.189527	0.161535	0.495287	0.448831	
0.686585	1.48466	0.09269	-0.866034	-0.0513433	0.0698224	-0.426347	-0.0011555	-1.30216	1.77595	-0.292719	0.750383	0.306233	0.253989	0.190824	0.162192	0.495823	0.449411	
0.702975	1.48568	0.0932152	-0.866763	-0.0515105	0.0694296	-0.42764	-0.00124322	-1.30219	1.77696	-0.293163	0.751237	0.307137	0.25486	0.19212	0.162847	0.496358	0.449989	
0.619802	1.48669	0.0937413	-0.867492	-0.0516769	0.0690375	-0.428933	-0.00133187	-1.30222	1.77797	-0.293608	0.752088	0.308038	0.255732	0.193415	0.163502	0.496892	0.450565	
0.650609	1.4877	0.0942682	-0.86822	-0.0518421	0.0686462	-0.430225	-0.00142154	-1.30225	1.77898	-0.294053	0.752937	0.308937	0.256602	0.19471	0.164156	0.497425	0.45114	
0.675314	1.48872	0.0947959	-0.868947	-0.0520064	0.0682556	-0.431515	-0.00151213	-1.30227	1.77999	-0.294499	0.753784	0.309835	0.257471	0.196004	0.164808	0.497957	0.451713	
0.6366	1.48973	0.0953244	-0.869674	-0.0521698	0.0678657	-0.432804	-0.00160364	-1.3023	1.78099	-0.294946	0.754629	0.31073	0.25834	0.197297	0.165459	0.498489	0.452285	
0.664058	1.49074	0.0958537	-0.8704	-0.052332	0.0674766	-0.434092	-0.00169618	-1.30232	1.782	-0.295393	0.755472	0.311624	0.259207	0.19859	0.16611	0.499019	0.452855	
0.685746	1.49175	0.0963839	-0.871126	-0.0524934	0.0670883	-0.435379	-0.00178963	-1.30235	1.783	-0.295841	0.756312	0.312516	0.260074	0.199882	0.166759	0.499549	0.453424	
0.702335	1.49276	0.0969149	-0.87185	-0.0526539	0.0667006	-0.436665	-0.001884	-1.30237	1.784	-0.29629	0.75715	0.313405	0.26094	0.201174	0.167407	0.500077	0.453991	
0.708672	1.49377	0.0974467	-0.872574	-0.0528134	0.0663137	-0.437949	-0.0019793	-1.30239	1.785	-0.296739	0.757985	0.314293	0.261806	0.202465	0.168054	0.500605	0.454556	
0.717889	1.49478	0.0979793	-0.873298	-0.0529719	0.0659276	-0.439233	-0.00207553	-1.30242	1.786	-0.297189	0.758818	0.315178	0.26267	0.203756	0.168701	0.501132	0.45512	
