21.4665	1.07687	0.453009	-0.772152	-0.241477	-0.460031	-1.39202	0.0362298	-0.124946	1.13654	-0.362608	1.05256	1.07248	0.942887	1.34007	0.749738	0.61675	0.718372	
16.2218	1.07643	0.453756	-0.771848	-0.240634	-0.459497	-1.39105	0.0350421	-0.123971	1.13527	-0.363362	1.05044	1.07064	0.942115	1.33972	0.748721	0.615835	0.716866	
-28.3694	1.07598	0.454504	-0.771538	-0.239778	-0.458959	-1.3901	0.033853	-0.122994	1.134	-0.364118	1.04833	1.0688	0.941339	1.33936	0.747703	0.614921	0.715357	
21.2148	1.07541	0.455266	-0.771185	-0.238654	-0.458402	-1.38947	0.0326044	-0.121994	1.13278	-0.364928	1.04638	1.06707	0.940443	1.33889	0.746682	0.61402	0.713825	
-13.7027	1.07497	0.456014	-0.770874	-0.237848	-0.457862	-1.38845	0.0314286	-0.121023	1.1315	-0.365675	1.04423	1.06521	0.939689	1.33855	0.745662	0.613104	0.712318	
19.3503	1.07441	0.456776	-0.77052	-0.236762	-0.457301	-1.38777	0.0301897	-0.120026	1.13026	-0.366479	1.04226	1.06346	0.93881	1.33809	0.744638	0.612201	0.710786	
14.5281	1.07397	0.457525	-0.770206	-0.235982	-0.456758	-1.38671	0.0290226	-0.119056	1.12896	-0.367219	1.04008	1.06158	0.938069	1.33775	0.743616	0.611283	0.709278	
10.9533	1.07353	0.458276	-0.769884	-0.235174	-0.456209	-1.38568	0.0278504	-0.118081	1.12767	-0.367965	1.03792	1.05971	0.937316	1.3374	0.742591	0.610367	0.707768	
-7.86679	1.07306	0.459029	-0.769555	-0.234343	-0.455657	-1.38468	0.0266746	-0.117103	1.12637	-0.368716	1.03577	1.05785	0.936555	1.33704	0.741563	0.609451	0.706254	
-2.32712	1.07247	0.459795	-0.769183	-0.233239	-0.455085	-1.384	0.0254348	-0.116101	1.12512	-0.369524	1.0338	1.0561	0.935672	1.33657	0.740533	0.608549	0.704716	
10.7594	1.07188	0.460562	-0.768813	-0.232167	-0.454512	-1.38327	0.0242026	-0.115102	1.12386	-0.370327	1.0318	1.05433	0.934802	1.3361	0.739503	0.607646	0.703178	
5.90565	1.07144	0.461314	-0.768484	-0.231418	-0.453957	-1.38216	0.02305	-0.114132	1.12254	-0.37106	1.02959	1.05243	0.934076	1.33577	0.738474	0.606725	0.701668	
-76.3754	1.07098	0.462069	-0.768147	-0.23063	-0.453397	-1.38109	0.02189	-0.113156	1.12121	-0.3718	1.02741	1.05054	0.933336	1.33541	0.737442	0.605807	0.700153	
20.0759	1.07038	0.462838	-0.767765	-0.229561	-0.452816	-1.38035	0.0206614	-0.112154	1.11994	-0.372603	1.0254	1.04877	0.932471	1.33494	0.736407	0.604903	0.698613	
14.9411	1.06992	0.463595	-0.767423	-0.22879	-0.452251	-1.37925	0.0195084	-0.111179	1.11861	-0.373339	1.02319	1.04687	0.931738	1.33459	0.735373	0.603984	0.697097	
-31.5196	1.06943	0.464354	-0.767072	-0.227986	-0.451682	-1.37819	0.018349	-0.110198	1.11727	-0.374082	1.02101	1.04498	0.930992	1.33423	0.734336	0.603065	0.695577	
10.7056	1.06882	0.465126	-0.766678	-0.226906	-0.451092	-1.37745	0.01712	-0.109193	1.11599	-0.374888	1.019	1.04321	0.930124	1.33375	0.733298	0.602162	0.694032	
10.9244	1.06833	0.465886	-0.766323	-0.226125	-0.450519	-1.37636	0.015969	-0.108214	1.11465	-0.375626	1.0168	1.04131	0.929388	1.33338	0.732259	0.601243	0.692512	
8.21641	1.06783	0.466648	-0.765959	-0.225313	-0.449942	-1.37529	0.0148121	-0.107231	1.1133	-0.37637	1.01461	1.03942	0.92864	1.33301	0.731219	0.600325	0.690988	
-8.03482	1.06731	0.467412	-0.765589	-0.224478	-0.44936	-1.37425	0.0136508	-0.106245	1.11196	-0.377119	1.01243	1.03753	0.927883	1.33262	0.730178	0.599407	0.689461	
-6.04686	1.06667	0.468189	-0.765178	-0.223377	-0.448758	-1.37353	0.0124196	-0.105235	1.11066	-0.377931	1.01042	1.03576	0.927007	1.33212	0.729135	0.598506	0.68791	
-5.98065	1.06604	0.468964	-0.76477	-0.222327	-0.448157	-1.37274	0.0112024	-0.104231	1.10935	-0.378731	1.00838	1.03396	0.926151	1.33164	0.728092	0.597602	0.686362	
22.2434	1.06543	0.469739	-0.764363	-0.221315	-0.447555	-1.3719	0.0099961	-0.10323	1.10803	-0.379523	1.00631	1.03214	0.925312	1.33117	0.727049	0.596695	0.684816	
16.731	1.06494	0.470503	-0.763992	-0.220581	-0.446969	-1.37072	0.0088672	-0.102254	1.10665	-0.380247	1.00406	1.03021	0.924598	1.33082	0.726005	0.595772	0.683293	
-2.3611	1.06443	0.47127	-0.763611	-0.219805	-0.446378	-1.36959	0.00772864	-0.101271	1.10528	-0.380981	1.00184	1.0283	0.923866	1.33044	0.724959	0.594851	0.681765	
13.1674	1.06377	0.47205	-0.763185	-0.218727	-0.445764	-1.36882	0.00650748	-0.10026	1.10396	-0.381789	0.999801	1.0265	0.923001	1.32994	0.723912	0.593949	0.68021	
7.67024	1.06325	0.472818	-0.762799	-0.217963	-0.445168	-1.36767	0.00537555	-0.099278	1.10257	-0.382519	0.997562	1.02458	0.922275	1.32957	0.722865	0.593027	0.678682	
8.0012	1.06271	0.473589	-0.762403	-0.217163	-0.444567	-1.36656	0.00423553	-0.0982903	1.10119	-0.383258	0.995343	1.02266	0.921534	1.32918	0.721815	0.592107	0.677149	
6.01698	1.06216	0.474361	-0.762001	-0.216336	-0.443962	-1.36548	0.00308974	-0.0972988	1.0998	-0.384002	0.993137	1.02076	0.920782	1.32878	0.720765	0.591188	0.675613	
4.27374	1.06159	0.475136	-0.761592	-0.215489	-0.443352	-1.36442	0.00193971	-0.0963045	1.09842	-0.384752	0.990942	1.01886	0.920022	1.32836	0.719713	0.590271	0.674074	
3.22343	1.061	0.475912	-0.761177	-0.214624	-0.442739	-1.36337	0.000786109	-0.0953081	1.09704	-0.385505	0.988756	1.01697	0.919254	1.32794	0.718661	0.589355	0.672532	
-2.4795	1.06041	0.476689	-0.760755	-0.213742	-0.442122	-1.36235	-0.000370864	-0.0943098	1.09565	-0.386263	0.986577	1.01508	0.918478	1.32751	0.717608	0.588439	0.670988	
-2.72189	1.05969	0.477836	-0.760415	-0.215217	-0.438697	-1.3602	-0.00874196	-0.0916366	1.09602	-0.391418	0.983916	1.01377	0.918015	1.32671	0.716787	0.587618	0.669379	
2.51606	1.059	0.47889	-0.760049	-0.216079	-0.435987	-1.35833	-0.0152657	-0.0894136	1.09593	-0.395442	0.981377	1.0123	0.917469	1.326	0.715906	0.586774	0.667785	
3.32175	1.05843	0.479866	-0.759694	-0.216719	-0.433829	-1.35638	-0.0203332	-0.0875432	1.09546	-0.398559	0.97878	1.01063	0.916968	1.32546	0.714978	0.585897	0.666224	
-18.6222	1.05785	0.480792	-0.759316	-0.216964	-0.432068	-1.35466	-0.0243791	-0.0859098	1.09475	-0.401057	0.976284	1.00891	0.916397	1.32494	0.714016	0.585011	0.664666	
-0.290013	1.05714	0.481691	-0.758886	-0.216674	-0.430587	-1.3534	-0.0277349	-0.0844298	1.0939	-0.403159	0.974022	1.00723	0.915665	1.32433	0.713028	0.584134	0.663089	
-78.7388	1.0564	0.482564	-0.758433	-0.216114	-0.429324	-1.35232	-0.0305338	-0.0830772	1.09292	-0.40493	0.97185	1.00555	0.914869	1.32371	0.712024	0.583256	0.661509	
26.6844	1.05573	0.48341	-0.757992	-0.215559	-0.428238	-1.35113	-0.0328506	-0.0818379	1.09181	-0.406398	0.969612	1.00376	0.914116	1.32318	0.711004	0.582362	0.659945	
20.0719	1.05517	0.484231	-0.757577	-0.215143	-0.427294	-1.34969	-0.0347616	-0.0806928	1.09056	-0.4076	0.967237	1.00185	0.913459	1.32276	0.709972	0.581447	0.658404	
10.4872	1.05458	0.485043	-0.757147	-0.21459	-0.426438	-1.34836	-0.0364445	-0.0795929	1.08926	-0.408669	0.964912	0.999942	0.912766	1.32234	0.708931	0.580533	0.65686	
6.74177	1.05397	0.485848	-0.756706	-0.213936	-0.425648	-1.34711	-0.0379564	-0.0785267	1.08792	-0.409639	0.962625	0.998034	0.912047	1.3219	0.707884	0.579619	0.655313	
4.81325	1.05335	0.486649	-0.756254	-0.213206	-0.424906	-1.34592	-0.0393399	-0.0774858	1.08654	-0.410536	0.960365	0.996127	0.911307	1.32145	0.706831	0.578705	0.653763	
-87.4061	1.0527	0.487445	-0.755795	-0.212418	-0.4242	-1.34478	-0.0406277	-0.0764635	1.08515	-0.411378	0.958126	0.994221	0.910551	1.32099	0.705775	0.577791	0.652211	
-14.3034	1.05194	0.488249	-0.755296	-0.211356	-0.423503	-1.34394	-0.0419213	-0.0754333	1.08378	-0.412247	0.956054	0.992413	0.909675	1.32042	0.704718	0.576895	0.650636	
25.5521	1.0512	0.489048	-0.754799	-0.210322	-0.422829	-1.34306	-0.0431412	-0.0744216	1.08239	-0.413068	0.953954	0.990579	0.908816	1.31987	0.70366	0.575995	0.649064	
19.0408	1.05058	0.489836	-0.754335	-0.209543	-0.422189	-1.34185	-0.0442255	-0.0734451	1.08092	-0.413784	0.95168	0.988627	0.908076	1.31945	0.702599	0.575075	0.647517	
16.9703	1.04993	0.490624	-0.753862	-0.208719	-0.421556	-1.34068	-0.0452876	-0.0724693	1.07945	-0.414491	0.949428	0.986685	0.907319	1.319	0.701535	0.574156	0.645965	
12.0344	1.04927	0.491413	-0.753382	-0.207861	-0.420927	-1.33955	-0.0463329	-0.0714944	1.07798	-0.41519	0.947192	0.984751	0.906551	1.31855	0.700471	0.573239	0.644411	
9.05427	1.0486	0.492203	-0.752895	-0.206978	-0.420302	-1.33844	-0.0473653	-0.0705202	1.0765	-0.415885	0.944967	0.982821	0.905772	1.31808	0.699405	0.572323	0.642854	
-12.4926	1.04792	0.492993	-0.752402	-0.206076	-0.419678	-1.33735	-0.0483879	-0.0695465	1.07501	-0.416575	0.94275	0.980894	0.904986	1.31761	0.698339	0.571408	0.641295	
3.65288	1.04712	0.493793	-0.751873	-0.204932	-0.419037	-1.33656	-0.0494855	-0.0685509	1.07357	-0.417334	0.940688	0.979068	0.904088	1.31702	0.697275	0.570512	0.639713	
0.699527	1.04644	0.494583	-0.751377	-0.204058	-0.418417	-1.33542	-0.0504761	-0.0675858	1.07207	-0.418003	0.938447	0.977123	0.903314	1.31656	0.696208	0.569594	0.638155	
9.88152	1.04572	0.495376	-0.750865	-0.203092	-0.41779	-1.33439	-0.0514924	-0.0666112	1.07058	-0.418698	0.936262	0.975214	0.902498	1.31605	0.695142	0.568683	0.636588	
13.9063	1.04502	0.496168	-0.75036	-0.202204	-0.417167	-1.33326	-0.0524743	-0.0656449	1.06907	-0.419364	0.934023	0.973269	0.901718	1.31558	0.694074	0.567766	0.635028	
10.4593	1.04432	0.49696	-0.74985	-0.201297	-0.416541	-1.33215	-0.053458	-0.0646763	1.06756	-0.420034	0.931793	0.97133	0.900931	1.3151	0.693006	0.56685	0.633465	
-86.1651	1.0436	0.497754	-0.749334	-0.200377	-0.415913	-1.33105	-0.0544429	-0.0637059	1.06604	-0.420706	0.929569	0.969394	0.900137	1.31462	0.691938	0.565935	0.6319	
29.2125	1.04277	0.498557	-0.748782	-0.199221	-0.415264	-1.33024	-0.0555137	-0.0627114	1.06457	-0.421454	0.927498	0.967558	0.899232	1.31401	0.690873	0.56504	0.630313	
21.9738	1.04207	0.499351	-0.748264	-0.19834	-0.414634	-1.32908	-0.056478	-0.0617472	1.06304	-0.422111	0.925244	0.965602	0.898454	1.31354	0.689805	0.564121	0.62875	
-6.42639	1.04135	0.500146	-0.747739	-0.197437	-0.414	-1.32795	-0.0574476	-0.0607793	1.06151	-0.422774	0.923	0.963653	0.897667	1.31305	0.688736	0.563205	0.627185	
18.1189	1.04051	0.500951	-0.747179	-0.196297	-0.413345	-1.32711	-0.0585079	-0.0597857	1.06002	-0.423516	0.920912	0.961805	0.896768	1.31245	0.687671	0.562308	0.625596	
13.6284	1.0398	0.501747	-0.746651	-0.195424	-0.412709	-1.32593	-0.0594621	-0.0588218	1.05847	-0.424168	0.918645	0.95984	0.895993	1.31198	0.686602	0.561389	0.624032	
10.2503	1.03907	0.502544	-0.746117	-0.194527	-0.412068	-1.32478	-0.0604235	-0.0578536	1.05693	-0.424828	0.91639	0.957882	0.895207	1.31149	0.685533	0.560471	0.622465	
7.70897	1.03832	0.503343	-0.745576	-0.193613	-0.411423	-1.32365	-0.06139	-0.0568823	1.05538	-0.425492	0.914143	0.95593	0.894414	1.31099	0.684464	0.559555	0.620895	
5.79723	1.03757	0.504143	-0.74503	-0.192685	-0.410774	-1.32253	-0.0623602	-0.0559088	1.05383	-0.426161	0.911903	0.953983	0.893614	1.31048	0.683394	0.55864	0.619323	
4.35907	1.03681	0.504944	-0.744479	-0.191747	-0.410121	-1.32142	-0.0633332	-0.0549337	1.05228	-0.426833	0.909668	0.952038	0.892809	1.30997	0.682325	0.557726	0.61775	
-90.7487	1.03603	0.505746	-0.743923	-0.190799	-0.409465	-1.32032	-0.0643087	-0.0539571	1.05073	-0.427508	0.907437	0.950096	0.891999	1.30945	0.681256	0.556813	0.616175	
25.759	1.03515	0.506556	-0.743334	-0.189632	-0.408788	-1.31949	-0.0653739	-0.0529564	1.04922	-0.42826	0.90535	0.94825	0.891083	1.30882	0.680191	0.55592	0.614578	
19.3758	1.03439	0.507358	-0.742778	-0.188733	-0.40813	-1.31832	-0.0663271	-0.0519869	1.04765	-0.428918	0.903083	0.946284	0.890293	1.30831	0.679122	0.555003	0.613006	
-79.4519	1.03362	0.508162	-0.742215	-0.187815	-0.407468	-1.31717	-0.0672861	-0.0510139	1.04608	-0.429581	0.900825	0.944323	0.889495	1.3078	0.678053	0.554087	0.611432	
33.6169	1.03273	0.508973	-0.741618	-0.18667	-0.406784	-1.3163	-0.0683408	-0.0500144	1.04455	-0.430327	0.898718	0.942463	0.888586	1.30717	0.676988	0.553192	0.609835	
-68.4184	1.03197	0.509777	-0.741052	-0.185784	-0.406119	-1.3151	-0.069284	-0.0490455	1.04297	-0.430979	0.896435	0.940486	0.887801	1.30667	0.675919	0.552274	0.608262	
-4.12254	1.03108	0.510589	-0.740451	-0.184664	-0.405431	-1.31419	-0.0703272	-0.0480483	1.04143	-0.431716	0.894307	0.938613	0.886902	1.30605	0.674855	0.551377	0.606666	
40.0325	1.03021	0.511401	-0.739851	-0.18358	-0.404743	-1.31324	-0.0713547	-0.0470562	1.03988	-0.432442	0.892154	0.936722	0.886018	1.30544	0.673791	0.550478	0.605073	
28.3497	1.02945	0.512206	-0.739281	-0.182739	-0.404074	-1.31197	-0.072274	-0.0460923	1.03827	-0.433075	0.889834	0.93472	0.885252	1.30496	0.672722	0.549555	0.603502	
24.1047	1.02867	0.513012	-0.738703	-0.181864	-0.403398	-1.31074	-0.0732061	-0.0451218	1.03666	-0.433721	0.887533	0.932731	0.88447	1.30446	0.671652	0.548635	0.601927	
20.9819	1.02788	0.51382	-0.738117	-0.180964	-0.402718	-1.30955	-0.0741478	-0.0441468	1.03506	-0.434376	0.885246	0.930752	0.883677	1.30394	0.670583	0.547717	0.60035	
15.7822	1.02707	0.514629	-0.737526	-0.180045	-0.402033	-1.30837	-0.0750964	-0.0431685	1.03346	-0.435037	0.882969	0.92878	0.882875	1.30341	0.669513	0.546801	0.59877	
-82.1553	1.02625	0.51544	-0.736928	-0.179111	-0.401345	-1.30721	-0.0760499	-0.042188	1.03185	-0.435704	0.8807	0.926812	0.882066	1.30287	0.668444	0.545886	0.597188	
30.6491	1.02532	0.516258	-0.736298	-0.177962	-0.400633	-1.30632	-0.0771026	-0.0411812	1.03029	-0.436455	0.878578	0.924943	0.881148	1.30222	0.667381	0.544994	0.595584	
23.0196	1.0245	0.517068	-0.735699	-0.177062	-0.399942	-1.30511	-0.078038	-0.0402066	1.02867	-0.437108	0.876282	0.922957	0.880352	1.30169	0.666313	0.544076	0.594004	
18.9248	1.02368	0.51788	-0.735092	-0.176143	-0.399246	-1.30392	-0.078981	-0.039228	1.02705	-0.437768	0.873997	0.920979	0.879546	1.30116	0.665244	0.54316	0.592421	
-79.7912	1.02284	0.518694	-0.734481	-0.175209	-0.398546	-1.30274	-0.0799295	-0.0382468	1.02543	-0.438434	0.87172	0.919006	0.878733	1.30061	0.664176	0.542245	0.590837	
34.0021	1.02189	0.519514	-0.733837	-0.174062	-0.397823	-1.30184	-0.0809791	-0.0372385	1.02386	-0.439186	0.869589	0.917131	0.877811	1.29995	0.663114	0.541354	0.589231	
-21.4332	1.02106	0.520328	-0.733222	-0.17316	-0.39712	-1.30061	-0.0819096	-0.0362626	1.02222	-0.439838	0.867286	0.91514	0.877011	1.29941	0.662047	0.540436	0.587648	
28.2082	1.02011	0.521148	-0.732574	-0.172039	-0.396394	-1.29967	-0.0829461	-0.0352575	1.02064	-0.44058	0.865134	0.913251	0.8761	1.29876	0.660985	0.539542	0.586043	
23.8964	1.01928	0.521963	-0.731955	-0.171154	-0.395687	-1.29841	-0.0838654	-0.0342836	1.01899	-0.441224	0.862815	0.911249	0.875306	1.29823	0.659918	0.538623	0.584461	
17.9747	1.01843	0.522779	-0.731329	-0.170245	-0.394975	-1.29719	-0.0847949	-0.0333046	1.01734	-0.441878	0.86051	0.909258	0.8745	1.29768	0.658851	0.537706	0.582876	
12.9466	1.01756	0.523596	-0.730696	-0.169318	-0.394259	-1.29598	-0.0857318	-0.0323222	1.01569	-0.442538	0.858215	0.907273	0.873686	1.29713	0.657785	0.536791	0.581288	
-24.5412	1.01669	0.524414	-0.730059	-0.168377	-0.393538	-1.29479	-0.086674	-0.0313372	1.01405	-0.443204	0.855928	0.905293	0.872864	1.29657	0.656718	0.535877	0.579699	
16.3895	1.0157	0.525238	-0.729389	-0.16723	-0.392795	-1.29386	-0.0877202	-0.0303247	1.01245	-0.443959	0.853785	0.90341	0.871935	1.29588	0.655659	0.534987	0.578089	
-83.1723	1.01484	0.526057	-0.728749	-0.166321	-0.392072	-1.29262	-0.0886435	-0.0293456	1.01078	-0.44461	0.851471	0.901412	0.871126	1.29533	0.654593	0.53407	0.576501	
30.8061	1.01386	0.526882	-0.728076	-0.165201	-0.391325	-1.29166	-0.089676	-0.0283366	1.00917	-0.445355	0.849307	0.899515	0.870207	1.29466	0.653534	0.533178	0.574892	
24.7056	1.01299	0.527701	-0.72743	-0.164309	-0.390598	-1.29039	-0.0905876	-0.0273596	1.00749	-0.445998	0.846978	0.897507	0.869405	1.29412	0.652469	0.532259	0.573306	
-38.7147	1.0121	0.528522	-0.726778	-0.163394	-0.389866	-1.28915	-0.0915096	-0.0263777	1.00582	-0.446651	0.844663	0.895508	0.868591	1.29355	0.651404	0.531342	0.571716	
27.4581	1.01111	0.529349	-0.726094	-0.162271	-0.38911	-1.28817	-0.0925416	-0.0253661	1.0042	-0.447397	0.842495	0.893609	0.867668	1.29287	0.650346	0.530451	0.570106	
21.688	1.01022	0.53017	-0.725437	-0.161374	-0.388374	-1.2869	-0.0934509	-0.0243872	1.00251	-0.448041	0.840163	0.891598	0.866861	1.29232	0.649281	0.529533	0.568517	
16.5893	1.00932	0.530993	-0.724774	-0.160455	-0.387633	-1.28565	-0.0943704	-0.0234035	1.00083	-0.448695	0.837844	0.889597	0.866042	1.29175	0.648217	0.528617	0.566926	
6.33749	1.00841	0.531816	-0.724105	-0.159519	-0.386888	-1.28443	-0.0952974	-0.0224164	0.999142	-0.449355	0.835535	0.887602	0.865215	1.29117	0.647154	0.527703	0.565333	
9.21619	1.00749	0.532641	-0.72343	-0.15857	-0.386138	-1.28321	-0.0962299	-0.0214269	0.997457	-0.450021	0.833233	0.885613	0.86438	1.29058	0.646091	0.526791	0.563738	
